Deslocamentos nodais
[-4.0062488084156436e-16, -7.01959428726668e-17, -1.1895990870012827e-16, -1.3960903841219706e-28, 0.0, 4.0062488084156436e-16, -0.7047867437786796, -7.019594287266679e-17, -1.1895990869975733e-16, -3.971010538996336e-28, 1.3361595379066176, 0.8809834297233484, -1.7799953260517882, -7.019594287239371e-17, -1.1895990869975733e-16, -3.7233731202596144e-28, 1.635938621631924, 0.8809834297233476, -1.7800199951173055, -0.4404917148616739, -0.8179693108159621, -3.0100032594474663e-28, 1.635938621631924, 0.8809834297233476]

Esforços axiais
[8.271806125530277e-25, -0.0, 5000.0]

Esforços cisalhantes em Y
Ele1 [5000.000000000002, 5000.000000000002, 5000.000000000002, 5000.000000000002, 5000.000000000002, 5000.000000000002, 5000.000000000002, 5000.000000000002, 5000.000000000002, 5000.000000000002], 
Ele2 [5.399719980762448e-25, 5.399719980762448e-25, 5.399719980762448e-25, 5.399719980762448e-25, 5.399719980762448e-25, 5.399719980762448e-25, 5.399719980762448e-25, 5.399719980762448e-25, 5.399719980762448e-25, 5.399719980762448e-25], 
Ele3 [-0.0, -0.0, -0.0, -0.0, -0.0, -0.0, -0.0, -0.0, -0.0, -0.0]]

Momentos fletores no eixo Y
Ele1 [1.709695084441878e-24, -666.666666666667, -1333.333333333334, -2000.0000000000011, -2666.666666666668, -3333.333333333335, -4000.0000000000023, -4666.666666666669, -5333.333333333336, -6000.000000000003], 
Ele2 [3500.0, 3500.0, 3500.0, 3500.0, 3500.0, 3500.0, 3500.0, 3500.0, 3500.0, 3500.0], 
Ele3 [-7.275957614183426e-12, -7.275957614183426e-12, -7.275957614183426e-12, -7.275957614183426e-12, -7.275957614183426e-12, -7.275957614183426e-12, -7.275957614183426e-12, -7.275957614183426e-12, -7.275957614183426e-12, -7.275957614183426e-12]]

Esforços cisalhantes em Z
Ele1 [1.3881932447972442e-24, 1.3881932447972442e-24, 1.3881932447972442e-24, 1.3881932447972442e-24, 1.3881932447972442e-24, 1.3881932447972442e-24, 1.3881932447972442e-24, 1.3881932447972442e-24, 1.3881932447972442e-24, 1.3881932447972442e-24], 
Ele2 [5000.0, 5000.0, 5000.0, 5000.0, 5000.0, 5000.0, 5000.0, 5000.0, 5000.0, 5000.0], 
Ele3 [-0.0, -0.0, -0.0, -0.0, -0.0, -0.0, -0.0, -0.0, -0.0, -0.0]]

Momentos fletores no eixo Z
Ele1 [5999.999999999997, 5999.999999999997, 5999.999999999997, 5999.999999999997, 5999.999999999997, 5999.999999999997, 5999.999999999997, 5999.999999999997, 5999.999999999997, 5999.999999999997], 
Ele2 [4.4433242408444315e-26, -388.8888888888889, -777.7777777777778, -1166.666666666667, -1555.5555555555557, -1944.4444444444448, -2333.333333333334, -2722.222222222222, -3111.1111111111113, -3500.0], 
Ele3 [1.8189894035458565e-12, 1.8189894035458565e-12, 1.8189894035458565e-12, 1.8189894035458565e-12, 1.8189894035458565e-12, 1.8189894035458565e-12, 1.8189894035458565e-12, 1.8189894035458565e-12, 1.8189894035458565e-12, 1.8189894035458565e-12]]

Esforços de torção
[-3500.0000000000014, 3.183231456205249e-12, 4.484724062375282e-25]