q1  -8.271806125530277e-25, 
q2  -5000.000000000002, 
q3  -1.3881932447972442e-24, 
q4  -3500.0000000000014, 
q5  -1.709695084441878e-24, 
q6  -5999.999999999998, 
q7   8.271806125530277e-25, 
q8   5000.000000000002, 
q9   1.3881932447972442e-24, 
q10  3500.0000000000014, 
q11  4.4024749398574227e-26, 
q12 -3.637978807091713e-12]

[0.0, 
-5.399719980762448e-25, 
-5000.0, 
3.183231456205249e-12, 
-3500.0, 
-4.443324240844431e-26, 
0.0, 
5.399719980762448e-25, 
5000.0, 
-3.183231456205249e-12, 
-7.275957614183426e-12, 
-3.336279356016224e-25]

[-5000.0, 
0.0, 
0.0, 
4.484724062375282e-25, 
7.275957614183426e-12, 
-1.8189894035458565e-12, 
5000.0, 0.0, 0.0, 
-4.484724062375282e-25, 
3.637978807091713e-12, 
0.0]